1 -1 #SUP: 7471
2 -1 #SUP: 8186
8 -1 #SUP: 7447
10 -1 #SUP: 7324
13 -1 #SUP: 8220
14 -1 #SUP: 7275
15 -1 #SUP: 6918
17 -1 #SUP: 8054
18 -1 #SUP: 8263
21 -1 #SUP: 7240
24 -1 #SUP: 7247
30 -1 #SUP: 8776
31 -1 #SUP: 7051
32 -1 #SUP: 6692
33 -1 #SUP: 6616
36 -1 #SUP: 7165
37 -1 #SUP: 7167
44 -1 #SUP: 7450
45 -1 #SUP: 7120
46 -1 #SUP: 7598
47 -1 #SUP: 7077
48 -1 #SUP: 7551
50 -1 #SUP: 7423
57 -1 #SUP: 7309
59 -1 #SUP: 7187
67 -1 #SUP: 7168
68 -1 #SUP: 6748
70 -1 #SUP: 7206
82 -1 #SUP: 7224
90 -1 #SUP: 8191
96 -1 #SUP: 6527
97 -1 #SUP: 7130
98 -1 #SUP: 8020
117 -1 #SUP: 6963
118 -1 #SUP: 6961
131 -1 #SUP: 8162
135 -1 #SUP: 7827
147 -1 #SUP: 7787
155 -1 #SUP: 7629
181 -1 #SUP: 7043
17 -1 1 -1 #SUP: 6465
135 -1 21 -1 #SUP: 6149
135 -1 24 -1 #SUP: 6141
135 -1 36 -1 #SUP: 6143
135 -1 50 -1 #SUP: 6360
135 -1 57 -1 #SUP: 6162
155 -1 131 -1 #SUP: 6352
